date,market_cap,total_volume,facebook_likes,twitter_followers,reddit_average_posts_48h,reddit_average_comments_48h,reddit_subscribers,reddit_accounts_active_48h,forks,stars,subscribers,total_issues,closed_issues,pull_requests_merged,pull_request_contributors,commit_count_4_weeks,alexa_rank,bing_matches
2017-01-01,,,,,,,,,,,,,,,,,,
2017-01-02,,,,,,,,,,,,,,,,,,
2017-01-03,,,,,,,,,,,,,,,,,,
2017-01-04,,,,,,,,,,,,,,,,,,
2017-01-05,,,,,,,,,,,,,,,,,,
2017-01-06,,,,,,,,,,,,,,,,,,
2017-01-07,,,,,,,,,,,,,,,,,,
2017-01-08,,,,,,,,,,,,,,,,,,
2017-01-09,,,,,,,,,,,,,,,,,,
2017-01-10,,,,,,,,,,,,,,,,,,
2017-01-11,,,,,,,,,,,,,,,,,,
2017-01-12,,,,,,,,,,,,,,,,,,
2017-01-13,,,,,,,,,,,,,,,,,,
2017-01-14,,,,,,,,,,,,,,,,,,
2017-01-15,,,,,,,,,,,,,,,,,,
2017-01-16,,,,,,,,,,,,,,,,,,
2017-01-17,,,,,,,,,,,,,,,,,,
2017-01-18,,,,,,,,,,,,,,,,,,
2017-01-19,,,,,,,,,,,,,,,,,,
2017-01-20,,,,,,,,,,,,,,,,,,
2017-01-21,,,,,,,,,,,,,,,,,,
2017-01-22,,,,,,,,,,,,,,,,,,
2017-01-23,,,,,,,,,,,,,,,,,,
2017-01-24,,,,,,,,,,,,,,,,,,
2017-01-25,,,,,,,,,,,,,,,,,,
2017-01-26,,,,,,,,,,,,,,,,,,
2017-01-27,,,,,,,,,,,,,,,,,,
2017-01-28,,,,,,,,,,,,,,,,,,
2017-01-29,,,,,,,,,,,,,,,,,,
2017-01-30,,,,,,,,,,,,,,,,,,
2017-01-31,,,,,,,,,,,,,,,,,,
2017-02-01,,,,,,,,,,,,,,,,,,
2017-02-02,,,,,,,,,,,,,,,,,,
2017-02-03,,,,,,,,,,,,,,,,,,
2017-02-04,,,,,,,,,,,,,,,,,,
2017-02-05,,,,,,,,,,,,,,,,,,
2017-02-06,,,,,,,,,,,,,,,,,,
2017-02-07,,,,,,,,,,,,,,,,,,
2017-02-08,,,,,,,,,,,,,,,,,,
2017-02-09,,,,,,,,,,,,,,,,,,
2017-02-10,,,,,,,,,,,,,,,,,,
2017-02-11,,,,,,,,,,,,,,,,,,
2017-02-12,,,,,,,,,,,,,,,,,,
2017-02-13,,,,,,,,,,,,,,,,,,
2017-02-14,,,,,,,,,,,,,,,,,,
2017-02-15,,,,,,,,,,,,,,,,,,
2017-02-16,,,,,,,,,,,,,,,,,,
2017-02-17,,,,,,,,,,,,,,,,,,
2017-02-18,,,,,,,,,,,,,,,,,,
2017-02-19,,,,,,,,,,,,,,,,,,
2017-02-20,,,,,,,,,,,,,,,,,,
2017-02-21,,,,,,,,,,,,,,,,,,
2017-02-22,,,,,,,,,,,,,,,,,,
2017-02-23,,,,,,,,,,,,,,,,,,
2017-02-24,,,,,,,,,,,,,,,,,,
2017-02-25,,,,,,,,,,,,,,,,,,
2017-02-26,,,,,,,,,,,,,,,,,,
2017-02-27,,,,,,,,,,,,,,,,,,
2017-02-28,,,,,,,,,,,,,,,,,,
2017-03-01,,,,,,,,,,,,,,,,,,
2017-03-02,,,,,,,,,,,,,,,,,,
2017-03-03,,,,,,,,,,,,,,,,,,
2017-03-04,,,,,,,,,,,,,,,,,,
2017-03-05,,,,,,,,,,,,,,,,,,
2017-03-06,,,,,,,,,,,,,,,,,,
2017-03-07,,,,,,,,,,,,,,,,,,
2017-03-08,,,,,,,,,,,,,,,,,,
2017-03-09,,,,,,,,,,,,,,,,,,
2017-03-10,,,,,,,,,,,,,,,,,,
2017-03-11,,,,,,,,,,,,,,,,,,
2017-03-12,,,,,,,,,,,,,,,,,,
2017-03-13,,,,,,,,,,,,,,,,,,
2017-03-14,,,,,,,,,,,,,,,,,,
2017-03-15,,,,,,,,,,,,,,,,,,
2017-03-16,,,,,,,,,,,,,,,,,,
2017-03-17,,,,,,,,,,,,,,,,,,
2017-03-18,,,,,,,,,,,,,,,,,,
2017-03-19,,,,,,,,,,,,,,,,,,
2017-03-20,,,,,,,,,,,,,,,,,,
2017-03-21,,,,,,,,,,,,,,,,,,
2017-03-22,,,,,,,,,,,,,,,,,,
2017-03-23,,,,,,,,,,,,,,,,,,
2017-03-24,,,,,,,,,,,,,,,,,,
2017-03-25,,,,,,,,,,,,,,,,,,
2017-03-26,,,,,,,,,,,,,,,,,,
2017-03-27,,,,,,,,,,,,,,,,,,
2017-03-28,,,,,,,,,,,,,,,,,,
2017-03-29,,,,,,,,,,,,,,,,,,
2017-03-30,,,,,,,,,,,,,,,,,,
2017-03-31,,,,,,,,,,,,,,,,,,
2017-04-01,,,,,,,,,,,,,,,,,,
2017-04-02,,,,,,,,,,,,,,,,,,
2017-04-03,,,,,,,,,,,,,,,,,,
2017-04-04,,,,,,,,,,,,,,,,,,
2017-04-05,,,,,,,,,,,,,,,,,,
2017-04-06,,,,,,,,,,,,,,,,,,
2017-04-07,,,,,,,,,,,,,,,,,,
2017-04-08,,,,,,,,,,,,,,,,,,
2017-04-09,,,,,,,,,,,,,,,,,,
2017-04-10,,,,,,,,,,,,,,,,,,
2017-04-11,,,,,,,,,,,,,,,,,,
2017-04-12,,,,,,,,,,,,,,,,,,
2017-04-13,,,,,,,,,,,,,,,,,,
2017-04-14,,,,,,,,,,,,,,,,,,
2017-04-15,,,,,,,,,,,,,,,,,,
2017-04-16,,,,,,,,,,,,,,,,,,
2017-04-17,,,,,,,,,,,,,,,,,,
2017-04-18,,,,,,,,,,,,,,,,,,
2017-04-19,,,,,,,,,,,,,,,,,,
2017-04-20,,,,,,,,,,,,,,,,,,
2017-04-21,,,,,,,,,,,,,,,,,,
2017-04-22,,,,,,,,,,,,,,,,,,
2017-04-23,,,,,,,,,,,,,,,,,,
2017-04-24,,,,,,,,,,,,,,,,,,
2017-04-25,,,,,,,,,,,,,,,,,,
2017-04-26,,,,,,,,,,,,,,,,,,
2017-04-27,,,,,,,,,,,,,,,,,,
2017-04-28,,,,,,,,,,,,,,,,,,
2017-04-29,,,,,,,,,,,,,,,,,,
2017-04-30,,,,,,,,,,,,,,,,,,
2017-05-01,,,,,,,,,,,,,,,,,,
2017-05-02,,,,,,,,,,,,,,,,,,
2017-05-03,,,,,,,,,,,,,,,,,,
2017-05-04,,,,,,,,,,,,,,,,,,
2017-05-05,,,,,,,,,,,,,,,,,,
2017-05-06,,,,,,,,,,,,,,,,,,
2017-05-07,,,,,,,,,,,,,,,,,,
2017-05-08,,,,,,,,,,,,,,,,,,
2017-05-09,,,,,,,,,,,,,,,,,,
2017-05-10,,,,,,,,,,,,,,,,,,
2017-05-11,,,,,,,,,,,,,,,,,,
2017-05-12,,,,,,,,,,,,,,,,,,
2017-05-13,,,,,,,,,,,,,,,,,,
2017-05-14,,,,,,,,,,,,,,,,,,
2017-05-15,,,,,,,,,,,,,,,,,,
2017-05-16,,,,,,,,,,,,,,,,,,
2017-05-17,,,,,,,,,,,,,,,,,,
2017-05-18,,,,,,,,,,,,,,,,,,
2017-05-19,,,,,,,,,,,,,,,,,,
2017-05-20,,,,,,,,,,,,,,,,,,
2017-05-21,,,,,,,,,,,,,,,,,,
2017-05-22,,,,,,,,,,,,,,,,,,
2017-05-23,,,,,,,,,,,,,,,,,,
2017-05-24,,,,,,,,,,,,,,,,,,
2017-05-25,,,,,,,,,,,,,,,,,,
2017-05-26,,,,,,,,,,,,,,,,,,
2017-05-27,,,,,,,,,,,,,,,,,,
2017-05-28,,,,,,,,,,,,,,,,,,
2017-05-29,,,,,,,,,,,,,,,,,,
2017-05-30,,,,,,,,,,,,,,,,,,
2017-05-31,,,,,,,,,,,,,,,,,,
2017-06-01,,,,,,,,,,,,,,,,,,
2017-06-02,,,,,,,,,,,,,,,,,,
2017-06-03,,,,,,,,,,,,,,,,,,
2017-06-04,,,,,,,,,,,,,,,,,,
2017-06-05,,,,,,,,,,,,,,,,,,
2017-06-06,,,,,,,,,,,,,,,,,,
2017-06-07,,,,,,,,,,,,,,,,,,
2017-06-08,,,,,,,,,,,,,,,,,,
2017-06-09,,,,,,,,,,,,,,,,,,
2017-06-10,,,,,,,,,,,,,,,,,,
2017-06-11,,,,,,,,,,,,,,,,,,
2017-06-12,,,,,,,,,,,,,,,,,,
2017-06-13,,,,,,,,,,,,,,,,,,
2017-06-14,,,,,,,,,,,,,,,,,,
2017-06-15,,,,,,,,,,,,,,,,,,
2017-06-16,,,,,,,,,,,,,,,,,,
2017-06-17,,,,,,,,,,,,,,,,,,
2017-06-18,,,,,,,,,,,,,,,,,,
2017-06-19,,,,,,,,,,,,,,,,,,
2017-06-20,,,,,,,,,,,,,,,,,,
2017-06-21,,,,,,,,,,,,,,,,,,
2017-06-22,,,,,,,,,,,,,,,,,,
2017-06-23,,,,,,,,,,,,,,,,,,
2017-06-24,,,,,,,,,,,,,,,,,,
2017-06-25,,,,,,,,,,,,,,,,,,
2017-06-26,,,,,,,,,,,,,,,,,,
2017-06-27,,,,,,,,,,,,,,,,,,
2017-06-28,,,,,,,,,,,,,,,,,,
2017-06-29,,,,,,,,,,,,,,,,,,
2017-06-30,,,,,,,,,,,,,,,,,,
2017-07-01,,,,,,,,,,,,,,,,,,
2017-07-02,,,,,,,,,,,,,,,,,,
2017-07-03,,,,,,,,,,,,,,,,,,
2017-07-04,,,,,,,,,,,,,,,,,,
2017-07-05,,,,,,,,,,,,,,,,,,
2017-07-06,,,,,,,,,,,,,,,,,,
2017-07-07,,,,,,,,,,,,,,,,,,
2017-07-08,,,,,,,,,,,,,,,,,,
2017-07-09,,,,,,,,,,,,,,,,,,
2017-07-10,,,,,,,,,,,,,,,,,,
2017-07-11,,,,,,,,,,,,,,,,,,
2017-07-12,,,,,,,,,,,,,,,,,,
2017-07-13,,,,,,,,,,,,,,,,,,
2017-07-14,,,,,,,,,,,,,,,,,,
2017-07-15,,,,,,,,,,,,,,,,,,
2017-07-16,,,,,,,,,,,,,,,,,,
2017-07-17,,,,,,,,,,,,,,,,,,
2017-07-18,,,,,,,,,,,,,,,,,,
2017-07-19,,,,,,,,,,,,,,,,,,
2017-07-20,,,,,,,,,,,,,,,,,,
2017-07-21,,,,,,,,,,,,,,,,,,
2017-07-22,,,,,,,,,,,,,,,,,,
2017-07-23,,,,,,,,,,,,,,,,,,
2017-07-24,,,,,,,,,,,,,,,,,,
2017-07-25,,,,,,,,,,,,,,,,,,
2017-07-26,,,,,,,,,,,,,,,,,,
2017-07-27,,,,,,,,,,,,,,,,,,
2017-07-28,,,,,,,,,,,,,,,,,,
2017-07-29,,,,,,,,,,,,,,,,,,
2017-07-30,,,,,,,,,,,,,,,,,,
2017-07-31,,,,,,,,,,,,,,,,,,
2017-08-01,,,,,,,,,,,,,,,,,,
2017-08-02,,,,,,,,,,,,,,,,,,
2017-08-03,,,,,,,,,,,,,,,,,,
2017-08-04,,,,,,,,,,,,,,,,,,
2017-08-05,,,,,,,,,,,,,,,,,,
2017-08-06,,,,,,,,,,,,,,,,,,
2017-08-07,,,,,,,,,,,,,,,,,,
2017-08-08,,,,,,,,,,,,,,,,,,
2017-08-09,,,,,,,,,,,,,,,,,,
2017-08-10,,,,,,,,,,,,,,,,,,
2017-08-11,,,,,,,,,,,,,,,,,,
2017-08-12,,,,,,,,,,,,,,,,,,
2017-08-13,,,,,,,,,,,,,,,,,,
2017-08-14,,,,,,,,,,,,,,,,,,
2017-08-15,,,,,,,,,,,,,,,,,,
2017-08-16,,,,,,,,,,,,,,,,,,
2017-08-17,,,,,,,,,,,,,,,,,,
2017-08-18,,,,,,,,,,,,,,,,,,
2017-08-19,,,,,,,,,,,,,,,,,,
2017-08-20,,,,,,,,,,,,,,,,,,
2017-08-21,,,,,,,,,,,,,,,,,,
2017-08-22,,,,,,,,,,,,,,,,,,
2017-08-23,,,,,,,,,,,,,,,,,,
2017-08-24,,,,,,,,,,,,,,,,,,
2017-08-25,,,,,,,,,,,,,,,,,,
2017-08-26,,,,,,,,,,,,,,,,,,
2017-08-27,,,,,,,,,,,,,,,,,,
2017-08-28,,,,,,,,,,,,,,,,,,
2017-08-29,,,,,,,,,,,,,,,,,,
2017-08-30,,,,,,,,,,,,,,,,,,
2017-08-31,,,,,,,,,,,,,,,,,,
2017-09-01,,,,,,,,,,,,,,,,,,
2017-09-02,,,,,,,,,,,,,,,,,,
2017-09-03,,,,,,,,,,,,,,,,,,
2017-09-04,,,,,,,,,,,,,,,,,,
2017-09-05,,,,,,,,,,,,,,,,,,
2017-09-06,,,,,,,,,,,,,,,,,,
2017-09-07,,,,,,,,,,,,,,,,,,
2017-09-08,,,,,,,,,,,,,,,,,,
2017-09-09,,,,,,,,,,,,,,,,,,
2017-09-10,,,,,,,,,,,,,,,,,,
2017-09-11,,,,,,,,,,,,,,,,,,
2017-09-12,,,,,,,,,,,,,,,,,,
2017-09-13,,,,,,,,,,,,,,,,,,
2017-09-14,,,,,,,,,,,,,,,,,,
2017-09-15,,,,,,,,,,,,,,,,,,
2017-09-16,,,,,,,,,,,,,,,,,,
2017-09-17,,,,,,,,,,,,,,,,,,
2017-09-18,,,,,,,,,,,,,,,,,,
2017-09-19,,,,,,,,,,,,,,,,,,
2017-09-20,,,,,,,,,,,,,,,,,,
2017-09-21,,,,,,,,,,,,,,,,,,
2017-09-22,,,,,,,,,,,,,,,,,,
2017-09-23,,,,,,,,,,,,,,,,,,
2017-09-24,,,,,,,,,,,,,,,,,,
2017-09-25,,,,,,,,,,,,,,,,,,
2017-09-26,,,,,,,,,,,,,,,,,,
2017-09-27,,,,,,,,,,,,,,,,,,
2017-09-28,,,,,,,,,,,,,,,,,,
2017-09-29,,,,,,,,,,,,,,,,,,
2017-09-30,,,,,,,,,,,,,,,,,,
2017-10-01,,,,,,,,,,,,,,,,,,
2017-10-02,,,,,,,,,,,,,,,,,,
2017-10-03,,,,,,,,,,,,,,,,,,
2017-10-04,,,,,,,,,,,,,,,,,,
2017-10-05,,,,,,,,,,,,,,,,,,
2017-10-06,,,,,,,,,,,,,,,,,,
2017-10-07,,,,,,,,,,,,,,,,,,
2017-10-08,,,,,,,,,,,,,,,,,,
2017-10-09,,,,,,,,,,,,,,,,,,
2017-10-10,,,,,,,,,,,,,,,,,,
2017-10-11,,,,,,,,,,,,,,,,,,
2017-10-12,,,,,,,,,,,,,,,,,,
2017-10-13,,,,,,,,,,,,,,,,,,
2017-10-14,,,,,,,,,,,,,,,,,,
2017-10-15,,,,,,,,,,,,,,,,,,
2017-10-16,,,,,,,,,,,,,,,,,,
2017-10-17,,,,,,,,,,,,,,,,,,
2017-10-18,,,,,,,,,,,,,,,,,,
2017-10-19,,,,,,,,,,,,,,,,,,
2017-10-20,,,,,,,,,,,,,,,,,,
2017-10-21,,,,,,,,,,,,,,,,,,
2017-10-22,,,,,,,,,,,,,,,,,,
2017-10-23,,,,,,,,,,,,,,,,,,
2017-10-24,,,,,,,,,,,,,,,,,,
2017-10-25,,,,,,,,,,,,,,,,,,
2017-10-26,,,,,,,,,,,,,,,,,,
2017-10-27,,,,,,,,,,,,,,,,,,
2017-10-28,,,,,,,,,,,,,,,,,,
2017-10-29,,,,,,,,,,,,,,,,,,
2017-10-30,,,,,,,,,,,,,,,,,,
2017-10-31,,,,,,,,,,,,,,,,,,
2017-11-01,,,,,,,,,,,,,,,,,,
2017-11-02,,,,,,,,,,,,,,,,,,
2017-11-03,,,,,,,,,,,,,,,,,,
2017-11-04,,,,,,,,,,,,,,,,,,
2017-11-05,,,,,,,,,,,,,,,,,,
2017-11-06,,,,,,,,,,,,,,,,,,
2017-11-07,,,,,,,,,,,,,,,,,,
2017-11-08,,,,,,,,,,,,,,,,,,
2017-11-09,,,,,,,,,,,,,,,,,,
2017-11-10,,,,,,,,,,,,,,,,,,
2017-11-11,,,,,,,,,,,,,,,,,,
2017-11-12,,,,,,,,,,,,,,,,,,
2017-11-13,,,,,,,,,,,,,,,,,,
2017-11-14,,,,,,,,,,,,,,,,,,
2017-11-15,,,,,,,,,,,,,,,,,,
2017-11-16,,,,,,,,,,,,,,,,,,
2017-11-17,,,,,,,,,,,,,,,,,,
2017-11-18,,,,,,,,,,,,,,,,,,
2017-11-19,,,,,,,,,,,,,,,,,,
2017-11-20,,,,,,,,,,,,,,,,,,
2017-11-21,,,,,,,,,,,,,,,,,,
2017-11-22,,,,,,,,,,,,,,,,,,
2017-11-23,,,,,,,,,,,,,,,,,,
2017-11-24,,,,,,,,,,,,,,,,,,
2017-11-25,,,,,,,,,,,,,,,,,,
2017-11-26,,,,,,,,,,,,,,,,,,
2017-11-27,,,,,,,,,,,,,,,,,,
2017-11-28,,,,,,,,,,,,,,,,,,
2017-11-29,,,,,,,,,,,,,,,,,,
2017-11-30,,,,,,,,,,,,,,,,,,
2017-12-01,,,,,,,,,,,,,,,,,,
2017-12-02,,,,,,,,,,,,,,,,,,
2017-12-03,,,,,,,,,,,,,,,,,,
2017-12-04,,,,,,,,,,,,,,,,,,
2017-12-05,,,,,,,,,,,,,,,,,,
2017-12-06,,,,,,,,,,,,,,,,,,
2017-12-07,,,,,,,,,,,,,,,,,,
2017-12-08,,,,,,,,,,,,,,,,,,
2017-12-09,,,,,,,,,,,,,,,,,,
2017-12-10,,,,,,,,,,,,,,,,,,
2017-12-11,,,,,,,,,,,,,,,,,,
2017-12-12,,,,,,,,,,,,,,,,,,
2017-12-13,,,,,,,,,,,,,,,,,,
2017-12-14,,,,,,,,,,,,,,,,,,
2017-12-15,,,,,,,,,,,,,,,,,,
2017-12-16,,,,,,,,,,,,,,,,,,
2017-12-17,,,,,,,,,,,,,,,,,,
2017-12-18,,,,,,,,,,,,,,,,,,
2017-12-19,,,,,,,,,,,,,,,,,,
2017-12-20,,,,,,,,,,,,,,,,,,
2017-12-21,,,,,,,,,,,,,,,,,,
2017-12-22,,,,,,,,,,,,,,,,,,
2017-12-23,,,,,,,,,,,,,,,,,,
2017-12-24,,,,,,,,,,,,,,,,,,
2017-12-25,,,,,,,,,,,,,,,,,,
2017-12-26,,,,,,,,,,,,,,,,,,
2017-12-27,,,,,,,,,,,,,,,,,,
2017-12-28,,,,,,,,,,,,,,,,,,
2017-12-29,,,,,,,,,,,,,,,,,,
2017-12-30,,,,,,,,,,,,,,,,,,
2017-12-31,,,,,,,,,,,,,,,,,,
2018-01-01,,,,,,,,,,,,,,,,,,
2018-01-02,,,,,,,,,,,,,,,,,,
2018-01-03,,,,,,,,,,,,,,,,,,
2018-01-04,,,,,,,,,,,,,,,,,,
2018-01-05,,,,,,,,,,,,,,,,,,
2018-01-06,,,,,,,,,,,,,,,,,,
2018-01-07,,,,,,,,,,,,,,,,,,
2018-01-08,592832015.155661,9994049.046198318,370,9347,0.0,0.0,658,10.0,,,,,,,,,206641,2450000
2018-01-09,1366309693.1100333,40283877.680226415,384,9529,0.0,0.0,675,14.0,,,,,,,,,200120,2240000
2018-01-10,991784405.155894,18739972.31163579,409,9900,0.0,0.0,676,13.0,,,,,,,,,192889,2240000
2018-01-11,952214130.5431875,17279811.630294986,420,10073,0.0,0.02,679,11.0,,,,,,,,,155069,2250000
2018-01-12,891346509.2814115,16051688.232559334,422,10225,0.0,0.02,682,13.0,,,,,,,,,155069,2280000
2018-01-13,874832492.6813464,14202423.732344393,433,10369,0.0,0.063,683,13.0,,,,,,,,,152651,2280000
2018-01-14,775666295.2878639,11270136.258030826,439,10478,0.0,0.061,681,13.0,,,,,,,,,146669,2280000
2018-01-15,794334329.1389903,12225421.322647698,449,10672,0.0,0.0,683,13.0,,,,,,,,,144352,2280000
2018-01-16,499656990.1061965,8203668.335343675,450,10836,0.0,0.0,683,13.0,,,,,,,,,140711,2300000
2018-01-17,529683961.90345985,8429912.49556231,452,10920,0.0,0.0,684,10.0,,,,,,,,,138714,2300000
2018-01-18,624237787.4149348,10763459.178831428,458,10998,0.0,0.0,681,7.0,,,,,,,,,136369,2300000
2018-01-19,635577435.2223939,7063715.514777985,464,11085,0.0,0.0,681,8.0,,,,,,,,,133145,2300000
2018-01-20,638524563.168964,1855133.8443535597,470,11169,0.0,0.0,682,7.0,,,,,,,,,131458,2300000
2018-01-21,567480156.0522834,3176579.50163033,473,11249,0.0,0.0,,,,,,,,,,,128721,2300000
2018-01-22,484734692.79078907,6547734.720308754,476,11328,0.0,0.0,,,,,,,,,,,126948,2300000
2018-01-23,521762165.2712425,6702026.602540956,481,11388,0.0,0.0,,,,,,,,,,,124857,2420000
2018-01-24,491330422.47769314,7362597.862882488,485,11451,0.0,0.0,,,,,,,,,,,123586,2420000
2018-01-25,532462065.20376736,7044280.52599223,487,11519,0.0,0.0,,,,,,,,,,,122866,2420000
2018-01-26,506431608.3308256,6213508.980110745,489,11599,0.0,0.0,687,9.0,,,,,,,,,121865,2420000
2018-01-27,318137868.05066913,238093.48807962541,494,11666,0.0,0.0,687,9.0,,,,,,,,,121184,2800000
2018-01-28,326600430.663176,924019.7569205463,498,11769,0.0,0.0,686,11.0,,,,,,,,,119549,2800000
2018-01-29,287107492.7959688,2995392.887619796,504,11904,0.0,0.0,689,12.0,,,,,,,,,117540,1420000
2018-01-30,282927311.891377,2817848.5251726387,513,12071,0.0,0.0,689,12.0,,,,,,,,,117540,2600000
2018-01-31,328409015.34158325,6353964.806189322,517,12142,0.0,0.0,689,13.0,,,,,,,,,115129,3
2018-02-01,236175753.87038198,1931799.9912356175,521,,0.0,0.0,688,14.0,,,,,,,,0,114325,3
2018-02-02,265575275.72154704,5583368.560481475,523,12211,0.0,0.0,687,12.0,1,7,6,0,0,0,0,0,113187,2560000
2018-02-03,169539271.11074838,309604.6313982254,523,12232,0.0,0.0,688,9.0,1,7,6,0,0,0,0,0,112313,2560000
2018-02-04,198105824.37362003,785509.5907077721,,12265,0.0,0.0,687,10.0,1,7,6,0,0,0,0,0,111715,2580000
2018-02-05,270908975.5111129,5893488.806029861,525,12285,0.0,0.0,688,10.0,1,7,6,0,0,0,0,0,111025,2580000
2018-02-06,124285849.56028232,219006.7843071069,528,12307,0.0,0.0,688,7.0,1,7,6,0,0,0,0,,109788,2650000
2018-02-07,148447704.37085447,249572.89503217442,531,12361,0.0,0.0,688,9.0,2,7,6,0,0,0,0,0,109165,2650000
2018-02-08,148056079.7550297,376923.06208812504,538,12413,0.0,0.0,687,9.0,2,7,6,0,0,0,0,0,108853,2650000
2018-02-09,163301400.10822186,646782.4494147991,,12456,0.0,0.0,687,9.0,2,7,6,0,0,0,0,0,108361,2650000
2018-02-10,165138287.5508049,583610.3339487469,544,12479,0.0,0.0,687,10.0,2,7,6,0,0,0,0,0,108119,2640000
2018-02-11,178986770.4587546,5908581.181393269,550,12503,0.0,0.0,687,10.0,2,7,6,0,0,0,0,0,107345,2640000
2018-02-12,155204299.21073616,3075670.464777294,,12532,0.0,0.0,686,11.0,2,7,6,0,0,0,0,0,106998,2640000
2018-02-13,161761066.3059056,2588298.6713995095,552,12564,0.0,0.0,687,10.0,2,7,6,0,0,0,0,0,106595,2540000
2018-02-14,134824298.79281104,1994981.2262556227,554,12580,0.0,0.0,687,10.0,2,7,6,0,0,0,0,0,106137,2540000
2018-02-15,154146088.40632924,3299513.5106740445,,12964,0.0,0.0,688,14.0,2,7,6,0,0,0,0,0,105633,2600000
2018-02-16,278688772.56493706,72806761.1664308,579,13235,0.0,0.0,688,14.0,2,7,6,0,0,0,0,0,98915,2600000
2018-02-17,232571947.0743004,23996622.65649117,588,13349,0.0,0.0,688,9.0,,,,,,,,0,97465,2600000
2018-02-18,217015462.96504396,15303371.955005797,595,13435,0.0,0.0,688,8.0,2,8,6,0,0,0,0,0,96697,1280000
2018-02-19,185925703.12202105,7418273.221496917,598,13481,0.0,0.102,688,10.0,2,8,6,0,0,0,0,0,96114,1280000
2018-02-20,203815641.82837313,9886900.61022354,604,13543,0.0,0.104,689,10.0,2,8,6,0,0,0,0,0,95508,2670000
2018-02-21,178886657.03592825,6570749.329317952,606,13592,0.0,0.0,689,9.0,2,8,6,0,0,0,0,0,94766,2670000
2018-02-22,155006686.25227204,2843792.9012069823,609,13628,0.0,0.0,690,9.0,2,8,6,0,0,0,0,0,94147,2670000
2018-02-23,154269934.58499002,2833821.6085638055,,13659,0.0,0.0,690,10.0,2,8,6,0,0,0,0,0,93370,2670000
2018-02-24,154993538.51845574,2457294.7617081706,614,13696,0.0,0.0,689,10.0,2,8,6,0,0,0,0,0,92952,2670000
2018-02-25,146677858.6168585,2293098.6591284047,617,13751,0.0,0.0,689,8.0,2,8,6,0,0,0,0,0,92503,2670000
2018-02-26,169037872.5665492,10610699.466595307,622,13830,0.0,0.0,690,9.0,2,8,6,0,0,0,0,0,91653,2670000
2018-02-27,157825413.0481449,5049892.8810444,623,13855,0.0,0.0,690,9.0,2,8,6,0,0,0,0,,91426,2670000
2018-02-28,156149892.4273514,4543394.231054065,626,13878,0.0,0.0,691,9.0,2,8,6,0,0,0,0,0,91140,2670000
2018-03-01,142728492.1722383,3217503.254071788,,,0.0,0.0,690,9.0,2,8,6,0,0,0,0,0,91140,2670000
2018-03-02,147096102.72444525,3737332.7726116655,631,,0.0,0.0,690,8.0,3,8,6,0,0,0,0,0,88805,2670000
2018-03-03,148310916.4219541,3111996.584852858,635,,0.0,0.0,690,8.0,3,8,6,0,0,0,0,0,88655,2580000
2018-03-04,149273197.80468923,3978683.049257557,637,,0.0,0.0,690,10.0,3,8,6,0,0,0,0,0,88233,2580000
2018-03-05,152208388.74954346,4583315.80663451,637,,0.0,0.0,689,12.0,3,8,6,0,0,0,0,0,87442,2580000
2018-03-06,149558864.38417217,2677926.2112043183,640,,0.0,0.0,690,11.0,3,8,6,0,0,0,0,0,87184,2580000
2018-03-07,134124187.67227909,2248920.6674396005,640,,0.0,0.0,690,10.0,3,8,6,0,0,0,0,0,86997,2580000
2018-03-08,111261382.16607034,5307082.297512668,642,,0.0,0.0,690,9.0,3,8,6,0,0,0,0,0,86974,2580000
2018-03-09,97140955.19090979,2897890.137629586,,,0.0,0.0,689,9.0,3,8,6,0,0,0,0,0,86974,2580000
2018-03-10,89854051.23582084,2536085.028103247,652,,0.0,0.0,689,10.0,3,8,6,0,0,0,0,0,86691,2580000
2018-03-11,89705276.1629732,4010932.0253069536,651,,0.0,0.0,691,11.0,3,9,6,0,0,0,0,0,86543,2580000
2018-03-12,94735376.52364974,2074002.827822156,653,,0.0,0.0,690,12.0,4,9,7,0,0,0,0,0,86285,2580000
2018-03-13,89625899.29245546,4384131.291301835,656,,0.0,0.0,690,11.0,4,9,7,0,0,0,0,0,86150,2580000
2018-03-14,79734420.04394867,6170589.348660478,,14200,0.0,0.0,691,10.0,4,9,7,0,0,0,0,0,85921,2210000
2018-03-15,68126766.94773953,4796479.39130485,659,14232,0.0,0.0,690,11.0,4,9,7,0,0,0,0,0,85740,2210000
2018-03-16,69926783.8890584,6748540.056834617,,14266,0.0,0.0,690,11.0,4,9,7,0,0,0,0,0,85494,2210000
2018-03-17,72137477.84585203,4028456.0407778895,661,14272,0.0,0.0,690,10.0,4,9,7,0,0,0,0,0,84997,2210000
2018-03-18,64631469.675464116,2552141.4258597316,661,14284,0.0,0.0,690,10.0,4,9,7,0,0,0,0,0,84775,2210000
2018-03-19,60683081.84706521,3205804.117736879,661,14304,0.0,0.0,691,10.0,4,9,7,0,0,0,0,0,84776,2210000
2018-03-20,67955955.17489997,2796513.07162096,,14321,0.0,0.0,691,10.0,4,9,7,0,0,0,0,0,85180,2210000
2018-03-21,78362328.91445833,3624016.7563805655,663,14336,0.0,0.0,691,9.0,4,9,7,0,0,0,0,0,87118,2210000
2018-03-22,81843350.42074196,5911770.192313025,,14403,0.0,0.0,691,11.0,4,9,7,0,0,0,0,0,87118,2210000
2018-03-23,78070699.54570892,2243966.553062101,667,14430,0.0,0.0,691,12.0,4,9,7,0,0,0,0,0,87861,2210000
2018-03-24,78110906.6253645,2804087.797095143,668,14559,0.0,0.0,691,12.0,4,9,7,0,0,0,0,0,89661,2210000
2018-03-25,81079371.66392106,2667730.4947020477,,14583,0.0,0.0,692,12.0,4,9,7,0,0,0,0,0,90419,2190000
2018-03-26,78973143.57820451,3649836.207069484,667,14593,0.0,0.0,691,13.0,4,9,7,0,0,0,0,0,92118,2190000
2018-03-27,72418610.05692995,2369460.3179933727,669,14592,0.0,0.0,692,14.0,4,9,7,0,0,0,0,0,92628,2190000
2018-03-28,69012263.48700824,1629175.4921974926,,14601,0.0,0.0,692,15.0,4,9,7,0,0,0,0,0,93515,2190000
2018-03-29,78470841.19777256,8130690.544223548,673,14636,0.0,0.0,693,13.0,4,9,7,0,0,0,0,0,95388,2190000
2018-03-30,72745721.17262793,6659802.367679073,675,14652,0.0,0.0,694,12.0,4,9,7,0,0,0,0,0,97561,2190000
2018-03-31,71909689.35714106,2933264.5292608063,,14666,0.0,0.0,695,14.0,4,9,7,0,0,0,0,0,100481,2190000
2018-04-01,69873254.53489089,2701169.2452103277,676,14670,0.0,0.0,695,14.0,4,9,7,0,0,0,0,0,100481,2190000
2018-04-02,67231702.35586342,2754655.6945879413,677,14662,0.0,0.0,694,12.0,4,9,7,0,0,0,0,0,103870,2190000
2018-04-03,88468942.16561306,2099263.6233884916,678,14672,0.0,0.0,696,13.0,4,9,7,0,0,0,0,0,105811,2190000
2018-04-04,104752634.26791693,5460532.8307774495,678,14698,0.0,0.0,696,14.0,4,9,7,0,0,0,0,0,107088,2190000
2018-04-05,91150290.883186,2704895.540992479,680,14710,0.0,0.0,696,11.0,4,9,7,0,0,0,0,0,108659,2280000
2018-04-06,93494322.94444767,2605120.0742960377,682,14717,0.0,0.0,696,11.0,4,9,7,0,0,0,0,0,110402,2280000
2018-04-07,89400187.43755588,2537083.956529142,682,14722,0.0,0.0,696,12.0,4,9,7,0,0,0,0,0,113536,2280000
2018-04-08,102309060.33499262,6588083.831972426,683,14745,0.0,0.0,695,12.0,4,9,7,0,0,0,0,0,115123,2280000
2018-04-09,104398402.71136397,3181531.354992099,685,14768,0.0,0.0,695,11.0,4,9,7,0,0,0,0,0,115775,2280000
2018-04-10,101856038.7380815,4657466.3689817395,686,14791,0.0,0.0,694,10.0,4,9,7,0,0,0,0,,125846,2280000
2018-04-11,109121196.18967807,3971395.0921117184,686,14800,0.0,0.0,694,10.0,4,9,7,0,0,0,0,0,134027,2280000
2018-04-12,110164676.96535467,3638519.741557836,685,14822,0.0,0.0,694,9.0,4,9,7,0,0,0,0,0,135449,2280000
2018-04-13,129387728.78063422,4701320.676054957,690,14835,0.0,0.0,696,9.0,4,9,7,0,0,0,0,0,138058,2280000
2018-04-14,133169330.89675526,4687391.250140855,690,14866,0.0,0.0,696,12.0,4,9,7,0,0,0,0,0,139505,2280000
2018-04-15,151415205.86951557,4239158.14458944,692,14893,0.0,0.0,697,12.0,4,9,7,0,0,0,0,0,141522,2280000
2018-04-16,166739971.2528869,5911713.180684931,695,14916,0.0,0.0,697,9.0,4,9,7,0,0,0,0,0,144933,2280000
2018-04-17,159808833.85436156,5862772.279220148,695,14963,0.0,0.0,697,9.0,4,9,7,0,0,0,0,0,146692,2280000
2018-04-18,176144039.09352452,10340986.018923178,698,15042,0.0,0.0,697,9.0,4,9,7,0,0,0,0,0,149145,2280000
2018-04-19,205419927.41104704,12116794.269598145,700,15123,0.0,0.0,698,9.0,,,,,,,,,152165,2280000
2018-04-20,239948937.62369043,23621324.184806734,,15224,0.0,0.021,698,9.0,4,9,7,0,0,0,0,0,152470,2280000
2018-04-21,219942968.47867423,19404993.452422403,703,15262,0.0,0.0,,,4,9,7,0,0,0,0,0,155621,2280000
2018-04-22,207854275.55459157,12458057.614870774,,15300,0.0,0.0,699,8.0,4,9,7,0,0,0,0,0,158135,2280000
2018-04-23,214454080.63918778,8558601.453862587,,15333,0.0,0.0,697,8.21875,4,9,7,0,0,0,0,0,160818,2280000
2018-04-24,223910694.91611242,6685283.279495989,707,15354,0.0,0.0,697,8.81818181818182,4,9,7,0,0,0,0,0,162459,2280000
2018-04-25,224573932.59018588,6856757.592643735,,15356,0.0,0.0,697,8.92156862745098,4,9,7,0,0,0,0,0,163017,2500000
2018-04-26,188506669.85385108,7247595.333707831,,15381,0.0,0.0,696,9.54,4,9,7,0,0,0,0,0,164467,2500000
2018-04-27,226360848.68022788,5762541.141854411,,15417,0.0,0.0,696,11.66,,,,,,,,,165070,2500000
2018-04-28,210053723.98274052,5451079.961638334,,15410,0.0,0.0,696,11.46,,,,,,,,,168202,2500000
2018-04-29,217370025.82152617,4056224.9315669667,,15410,0.0,0.0,696,12.8125,,,,,,,,,172042,2500000
2018-04-30,207015770.69062164,4168038.9322209065,,15435,0.0,0.0,697,11.8958333333333,,,,,,,,,175086,2500000
2018-05-01,216270194.63861796,9470531.25443487,,15442,0.0,0.0,699,11.0833333333333,5,10,7,0,0,0,0,0,177378,2500000
2018-05-02,214569259.2528836,3825978.682358838,,15486,0.0,0.0,699,11.74,5,10,7,0,0,0,0,0,180553,2500000
2018-05-03,233794423.3602635,6910779.303647733,,15525,0.0,0.0,700,11.0,5,10,7,0,0,0,0,0,182518,2500000
2018-05-04,260791178.7058586,12984115.94767227,719,15552,0.0,0.0,702,10.7,,,,,,,,,183580,2500000
2018-05-05,241812818.09474882,8107782.106588439,,15564,0.0,0.0,701,11.6122448979592,5,10,7,0,0,0,0,0,183482,2500000
2018-05-06,242160909.5756063,5545468.015638587,,15589,0.0,0.0,702,14.6122448979592,5,10,7,0,0,0,0,0,187064,2360000
2018-05-07,229506272.30745557,3829635.292758845,722,15600,0.0,0.0,702,12.625,5,10,7,0,0,0,0,0,188408,2360000
2018-05-08,216907075.86001104,3319446.416787975,,15658,0.0,0.0,702,10.4285714285714,5,10,7,0,0,0,0,0,188969,2360000
2018-05-09,207574924.5075398,4793512.183379018,753,15718,0.0,0.0,702,12.7291666666667,5,10,7,0,0,0,0,0,189742,2360000
2018-05-10,199162747.55373627,3656248.669391432,763,15754,0.0,0.0,703,14.0,5,10,7,0,0,0,0,0,189742,2360000
2018-05-11,185883753.60806254,2988756.535993348,,15768,0.0,0.0,702,11.8979591836735,5,10,7,0,0,0,0,0,192216,2360000
2018-05-12,158217357.56088212,5220154.634828041,774,15796,0.0,0.0,703,10.0816326530612,5,10,7,0,0,0,0,0,191190,2360000
2018-05-13,158184293.871032,2516744.161415768,779,15816,0.0,0.0,704,10.4285714285714,5,10,7,0,0,0,0,0,192274,2360000
2018-05-14,176117565.90590695,2947672.6461057216,780,15814,0.0,0.0,704,10.7755102040816,5,10,7,0,0,0,0,0,193011,2360000
2018-05-15,171027354.2814605,3543901.1079224986,,15842,0.0,0.0,703,10.0,5,10,7,0,0,0,0,0,193693,2360000
2018-05-16,181602556.26038888,6458572.8038626565,,15893,0.0,0.0,703,9.46938775510204,5,10,7,0,0,0,0,0,226176,2360000
2018-05-17,175490546.6405433,39513444.75888862,790,15902,0.0,0.0,705,9.4375,5,10,7,0,0,0,0,0,233094,2240000
2018-05-18,159616076.9043931,6850414.474272119,792,15886,0.0,0.0,706,9.22916666666667,5,10,7,0,0,0,0,0,237777,2240000
2018-05-19,162825183.45271033,3992078.4153510104,793,15873,0.0,0.0,706,9.0625,5,10,7,0,0,0,0,0,241294,2240000
2018-05-20,156882319.40398315,2264823.8261520644,796,15881,0.0,0.0,706,8.77083333333333,5,10,7,0,0,0,0,0,245751,2240000
2018-05-21,161009052.8428935,2581410.878994489,800,15859,0.0,0.0,706,8.72916666666667,5,10,7,0,0,0,0,0,251214,2240000
2018-05-22,148101608.11422893,3279134.508683866,801,15825,0.0,0.0,705,9.27906976744186,5,10,7,0,0,0,0,0,254874,2240000
2018-05-23,133392816.83096981,2593000.4473085445,803,15816,0.0,0.0,704,10.5116279069767,5,11,8,0,0,0,0,0,258776,2240000
2018-05-24,120413484.59274653,3705604.4656145396,804,15794,0.0,0.0,704,10.6842105263158,5,11,8,0,0,0,0,0,260678,2240000
2018-05-25,127213582.8904358,3086797.392392952,806,15787,0.0,0.0,704,10.3666666666667,5,11,8,0,0,0,0,0,263961,2240000
2018-05-26,125197845.66489552,2282606.791242842,808,15791,0.0,0.031,702,10.0,5,11,8,0,0,0,0,0,271287,2240000
2018-05-27,122010730.70498574,3009315.532131769,810,15802,0.0,0.032,702,10.125,5,11,8,0,0,0,0,0,273069,2240000
2018-05-28,121466737.46309592,989380.4981209266,810,15806,0.0,0.0,702,10.4242424242424,5,11,8,0,0,0,0,0,257142,2590000
2018-05-29,107726037.10606517,1566493.5057531972,812,15815,0.0,0.0,703,9.55882352941176,5,11,8,0,0,0,0,0,257052,2590000
2018-05-30,117470578.28046072,1892040.1391713226,,15831,0.0,0.0,703,9.84848484848485,5,11,8,0,0,0,0,0,258508,2590000
2018-05-31,116400360.35612066,1973656.2589391111,815,15839,0.0,0.0,702,11.4242424242424,5,11,8,0,0,0,0,0,259958,2590000
2018-06-01,122158339.5458884,1278373.952715074,818,15850,0.0,0.0,701,10.6666666666667,5,11,8,0,0,0,0,0,261567,2590000
2018-06-02,124296113.98146205,2149812.0263328557,820,15866,0.0,0.0,701,10.375,5,11,8,0,0,0,0,0,263348,2590000
2018-06-03,127498846.35261136,3066065.891642602,823,15876,0.0,0.0,701,10.4242424242424,5,11,8,0,0,0,0,0,262921,2590000
2018-06-04,127390925.31785436,2098444.3097357205,822,15884,0.0,0.0,701,10.7352941176471,5,11,8,0,0,0,0,0,267471,2590000
2018-06-05,117299754.17464668,4782042.837030826,822,15888,0.0,0.0,701,11.1818181818182,5,11,8,0,0,0,0,0,275635,2590000
2018-06-06,119263211.51291469,2278838.000378244,,15893,0.0,0.0,701,9.84848484848485,5,11,8,0,0,0,0,0,277702,2590000
2018-06-07,116685095.83507292,1540221.7084708158,824,15895,0.0,0.0,701,8.96969696969697,5,11,8,0,0,0,0,0,278253,2590000
2018-06-08,115636638.87649733,1434908.4838973463,826,16104,0.0,0.0,702,8.5625,5,11,8,0,0,0,0,0,278388,2240000
2018-06-09,111993087.81852269,1805114.292726941,826,16107,0.0,0.0,702,8.61538461538461,5,11,8,0,0,0,0,0,278735,2240000
2018-06-10,108812017.28770185,1381709.6467511882,826,16120,0.0,0.0,702,8.76923076923077,5,11,8,0,0,0,0,0,277832,2240000
2018-06-11,92159824.82547314,3390699.127705807,827,16127,0.0,0.0,702,8.48484848484848,5,11,8,0,0,0,0,0,278864,2240000
2018-06-12,93936363.8290231,1961497.310487394,,16154,0.0,0.0,701,9.0625,5,11,8,0,0,0,0,0,278864,2240000
2018-06-13,84872852.39449067,1399718.7716009577,829,16151,0.0,0.0,700,9.375,5,11,8,0,0,0,0,0,281399,2240000
2018-06-14,76839717.94939956,1784227.577736334,829,16146,0.0,0.0,701,9.09375,5,11,8,0,0,0,0,0,284165,2240000
2018-06-15,80693163.18420753,1871538.5056212903,830,16145,0.0,0.0,700,8.67741935483871,5,11,8,0,0,0,0,0,284851,2240000
2018-06-16,77524836.68312624,1337482.2644597366,833,16152,0.0,0.0,700,8.70967741935484,5,11,8,0,0,0,0,0,287376,2240000
2018-06-17,76505374.12746613,1149628.4969842636,833,16151,0.0,0.0,700,9.58064516129032,5,11,8,0,0,0,0,0,295786,2240000
2018-06-18,73997360.61273581,1690238.413386672,838,16164,0.0,0.0,700,9.86666666666667,5,11,8,0,0,0,0,0,298757,2240000
2018-06-19,74112539.0395674,1839762.2466457763,839,16169,0.0,0.0,700,9.66666666666667,5,11,8,0,0,0,0,0,298684,2270000
2018-06-20,75220104.32783853,1237763.3330612662,,16169,0.0,0.0,700,9.53333333333333,5,11,8,0,0,0,0,0,301852,2270000
2018-06-21,74214305.46303289,2006957.169894363,839,16172,0.0,0.0,700,9.06896551724138,5,11,8,0,0,0,0,0,302615,2270000
2018-06-22,78178957.4643897,1841859.610855939,839,16188,0.0,0.0,700,8.72413793103448,5,11,8,0,0,0,0,0,323936,2270000
2018-06-23,71887249.92604607,1950559.9658874113,838,16197,0.0,0.0,700,8.62068965517241,5,11,8,0,0,0,0,0,318132,2270000
2018-06-24,73513770.54416817,922655.9136507222,836,16209,0.0,0.0,700,17.0357142857143,5,11,8,0,0,0,0,0,319546,2270000
2018-06-25,72083059.57961516,1145561.7143601975,836,16221,0.0,0.0,702,24.9285714285714,5,11,8,0,0,0,0,0,323470,2270000
2018-06-26,74178690.81472762,1546319.790392008,839,16240,0.0,0.0,702,21.1071428571429,5,11,8,0,0,0,0,0,323371,2270000
2018-06-27,63749940.864117704,1367521.5216079848,839,16255,0.0,0.0,701,11.2857142857143,5,11,8,0,0,0,0,0,323828,2270000
2018-06-28,61227618.206791885,2317228.8331227964,841,16280,0.0,0.0,701,9.31034482758621,5,11,8,0,0,0,0,0,324744,2270000
2018-06-29,51646786.62321633,3375138.745618018,,16400,0.0,0.0,702,10.7931034482759,5,11,8,0,0,0,0,0,331994,2270000
2018-06-30,59646776.418696575,2665955.808535896,845,16581,0.0,0.0,703,17.3928571428571,5,11,8,0,0,0,0,0,328065,2040000
2018-07-01,72064568.44141452,5329964.876104902,846,16639,0.0,0.0,702,25.2142857142857,5,11,8,0,0,0,0,0,324671,2040000
2018-07-02,71697903.12887985,1856090.8585874578,847,16654,0.0,0.0,701,29.6428571428571,5,11,8,0,0,0,0,0,320480,2040000
2018-07-03,83604276.46405038,6325209.5719400365,850,16700,0.0,0.0,700,29.25,5,11,8,0,0,0,0,0,318321,2040000
2018-07-04,86589805.15292378,11783080.751581479,,16742,0.0,0.0,700,25.5714285714286,5,11,8,0,0,0,0,0,310877,2040000
2018-07-05,84031582.05433123,5533080.082382041,,16771,0.0,0.0,700,29.2857142857143,5,11,8,0,0,0,0,0,308209,2040000
2018-07-06,78435328.34854229,2298067.60292385,849,16783,0.0,0.0,700,29.8928571428571,5,11,8,0,0,0,0,0,305257,2040000
2018-07-07,74590836.86089413,1951999.5225019057,850,16797,0.0,0.0,699,25.1071428571429,5,11,8,0,0,0,0,0,305089,2040000
2018-07-08,80186294.38650616,1303708.158285411,850,16811,0.0,0.0,699,20.4642857142857,5,11,8,0,0,0,0,0,304228,2040000
2018-07-09,80474105.24349643,1077931.1917719042,851,16817,0.0,0.0,699,12.7142857142857,5,11,8,0,0,0,0,0,315744,2040000
2018-07-10,76543509.53156605,712550.0280767671,852,16814,0.0,0.0,699,10.7037037037037,5,11,8,0,0,0,0,0,315377,2040000
2018-07-11,72369708.37642935,1486763.960808993,855,16812,0.0,0.0,699,18.2222222222222,5,11,8,0,0,0,0,0,314833,1930000
2018-07-12,76527418.15566228,2338644.376905122,856,16905,0.0,0.0,699,26.4814814814815,5,11,8,0,0,0,0,0,317150,1930000
2018-07-13,69770319.29411073,1191286.7605600422,860,16922,0.0,0.038,700,25.9259259259259,5,11,8,0,0,0,0,0,313869,1930000
2018-07-14,67928337.98554583,1922911.2140904958,863,16926,0.0,0.037,700,26.4285714285714,5,11,8,0,0,0,0,0,316178,1930000
2018-07-15,74721607.66432978,1733601.6805053551,861,16933,0.0,0.0,700,24.3928571428571,5,11,8,0,0,0,0,0,315871,1930000
2018-07-16,75178249.30168782,1185875.7567194442,861,16948,0.0,0.0,700,15.4074074074074,5,11,8,0,0,0,0,0,317895,1930000
2018-07-17,85543318.84631401,4130911.2988752904,863,16973,0.0,0.0,702,13.7777777777778,5,11,8,0,0,0,0,0,318156,1930000
2018-07-18,97502002.03440452,7821826.1910237195,,16983,0.0,0.0,702,21.5925925925926,5,11,8,0,0,0,0,0,317327,1930000
2018-07-19,90239804.22049531,2477501.1647673612,865,16983,0.0,0.0,702,26.4074074074074,5,11,8,0,0,0,0,0,317967,1930000
2018-07-20,85598514.62466171,1633814.9252989804,,17006,0.0,0.0,702,29.2962962962963,5,11,8,0,0,0,0,0,323857,1930000
2018-07-21,79449976.52869706,1073351.6225943158,866,17003,0.0,0.0,702,29.5185185185185,5,11,8,0,0,0,0,0,327977,1930000
2018-07-22,83097530.0564309,806560.0784740375,868,17006,0.0,0.0,701,24.4814814814815,5,11,8,0,0,0,0,0,327574,1590000
2018-07-23,81712069.71597032,596569.1139654731,868,17006,0.0,0.0,701,32.0,5,11,8,0,0,0,0,0,328144,1590000
2018-07-24,82648312.61568286,2910307.6440253644,868,17021,0.0,0.0,701,34.0,5,11,8,0,0,0,0,0,329936,1590000
2018-07-25,84620249.13492008,1661784.2440465647,868,17024,0.0,0.0,701,30.962962962963,5,11,8,0,0,0,0,0,333904,1590000
2018-07-26,84949100.74672118,2429666.1281623202,869,17026,0.0,0.0,701,25.4074074074074,5,11,8,0,0,0,0,0,337074,1590000
2018-07-27,83538759.88331224,5431714.646084458,,17046,0.0,0.0,701,22.962962962963,6,10,8,0,0,0,0,0,337074,1590000
2018-07-28,86768194.98553865,1304594.098627248,,17052,0.0,0.0,700,20.3846153846154,6,11,8,0,0,0,0,0,340416,1590000
2018-07-29,86833088.85006814,886065.9509036896,,17064,0.0,0.0,700,17.6923076923077,6,11,8,0,0,0,0,0,340441,1590000
2018-07-30,86428898.33694062,831644.1433535652,,17066,0.0,0.0,700,23.6923076923077,6,11,8,0,0,0,0,0,339531,1590000
2018-07-31,83556162.20281973,1330704.0582502848,876,17072,0.0,0.0,700,27.8148148148148,6,11,8,0,0,0,0,0,334558,1590000
2018-08-01,76719943.10408974,1294736.9106105745,877,17089,0.0,0.0,700,27.9615384615385,6,11,8,0,0,0,0,0,334267,1590000
2018-08-02,73045063.66261658,592020.1846751595,877,17101,0.0,0.0,700,23.5,6,11,8,0,0,0,0,0,334267,1430000
2018-08-03,66051864.23805597,1007596.7221317976,882,,0.0,0.0,700,16.2307692307692,6,11,8,0,0,0,0,0,334267,1430000
2018-08-04,65518810.5946133,1221213.3968264307,882,,0.0,0.0,700,18.8846153846154,6,11,8,0,0,0,0,0,334267,1430000
2018-08-05,62666163.56119899,639631.8420489657,882,17099,0.0,0.0,700,32.1538461538462,6,11,8,0,0,0,0,0,334267,1430000
2018-08-06,67155360.26023687,855805.8070966236,885,17095,0.0,0.0,700,32.1923076923077,6,11,8,0,0,0,0,0,334267,1430000
2018-08-07,68270735.87367743,961449.9174293418,,17094,0.0,0.0,700,29.5769230769231,6,11,8,0,0,0,0,0,334267,1430000
2018-08-08,62228285.77268714,675895.724358099,,17088,0.0,0.0,699,34.7826086956522,6,11,8,0,0,0,0,0,334267,1430000
2018-08-09,52251345.6159109,1041336.0945234959,,17102,0.0,0.0,698,32.1304347826087,6,11,8,0,0,0,0,0,334267,1430000
2018-08-10,58015456.38576702,1085955.9978340042,,17117,0.0,0.0,698,27.24,6,11,8,0,0,0,0,0,334267,1430000
2018-08-11,54398530.229544334,530781.2766747331,,17131,0.0,0.0,698,27.32,6,11,8,0,0,0,0,0,334267,1430000
2018-08-12,52574579.44066996,754668.6917580047,,17126,0.0,0.0,698,26.8461538461538,6,11,8,0,0,0,0,0,334267,1430000
2018-08-13,52244931.90729351,364829.16190563,896,17131,0.0,0.0,699,17.9615384615385,6,11,8,0,0,0,0,0,334267,1360000
2018-08-14,43548626.14671947,806166.7088974486,896,17141,0.0,0.0,699,9.15384615384615,,,,,,,,,334267,1360000
2018-08-15,43628306.32529483,905827.4002556612,,17149,0.0,0.0,700,11.64,6,11,8,0,0,0,0,0,334267,1360000
2018-08-16,44934879.33340777,651544.4971282667,,17118,0.0,0.0,700,23.2,6,11,8,0,0,0,0,0,334267,1360000
2018-08-17,43401649.4367007,1544777.5127336662,,17131,0.0,0.0,700,26.28,6,11,8,0,0,0,0,0,334267,1360000
2018-08-18,48268400.81697391,716672.6488236018,,17134,0.0,0.0,700,15.64,6,11,8,0,0,0,0,0,334267,1360000
2018-08-19,44846428.21995876,587387.1312095058,,17148,0.0,0.0,699,23.56,6,11,8,0,0,0,0,0,334267,1360000
2018-08-20,46368947.82263766,613348.7940627562,,17169,0.0,0.0,698,24.2916666666667,6,11,8,0,0,0,0,0,334267,1360000
2018-08-21,43254945.75033158,442232.3542469211,,17172,0.0,0.0,698,11.7083333333333,6,11,8,0,0,0,0,0,334267,1360000
2018-08-22,45049440.815148085,536313.24129134,,17186,0.0,0.0,698,11.2,6,11,8,0,0,0,0,0,334267,1360000
2018-08-23,41856724.543317534,551943.9126863695,,17195,0.0,0.0,697,9.72,6,11,8,0,0,0,0,0,334267,1360000
2018-08-24,44783387.60439696,598212.5302027697,906,17208,0.0,0.0,697,8.68,6,11,8,0,0,0,0,0,334267,1310000
2018-08-25,45907306.477869205,242171.27135966325,,17226,0.0,0.0,698,8.33333333333333,6,11,8,0,0,0,0,0,334267,1310000
2018-08-26,45053981.61307936,491228.23611047,,17245,0.0,0.0,698,8.91666666666667,6,11,8,0,0,0,0,0,334267,1310000
2018-08-27,44892657.052246705,329853.05217469856,,17254,0.0,0.0,698,9.16666666666667,6,11,8,0,0,0,0,0,334267,1310000
2018-08-28,49446172.93428312,733133.4973705483,,17254,0.0,0.0,698,8.25,6,11,8,0,0,0,0,0,334267,1310000
2018-08-29,51034355.897376,634401.8190419229,,,0.0,0.0,698,8.52173913043478,6,11,8,0,0,0,0,0,334267,1310000
2018-08-30,49334067.15023833,358147.548626322,909,17279,0.0,0.0,698,8.70833333333333,,,,,,,,,334267,1310000
2018-08-31,2695977.305196396,342242.0234951479,,,0.0,0.0,698,8.5,6,11,8,0,0,0,0,0,334267,1310000
